10 3428.7 4.338948916612864 1.958233029273433 18.494140625 0.39111328125 0 0
20 3177.5 4.530587866038079 2.054792565996778 25.1279296875 0.369873046875 4.338948916612864 34287
30 3030.5 4.549700344672953 2.063657071534247 25.1279296875 0.369873046875 4.431124866750404 66062
40 3335.9 4.448246527419976 2.0415305260515804 25.1279296875 0.369873046875 4.468413875004711 96367
50 3412.6 11.065258883496545 81.115818977971 1009.60888671875 0.364990234375 4.463227847931655 129726
60 3222.2 4.466545756114313 2.035730603832732 1009.60888671875 0.364990234375 5.838254769297812 163852
70 92.4 5.150331439393932 2.4244752820844107 1009.60888671875 0.364990234375 5.612833714885709 196074
80 0 0 0 1009.60888671875 0.364990234375 5.610664392849168 196998
90 0 0 0 1009.60888671875 0.364990234375 5.610664392849168 196998
100 0 0 0 1009.60888671875 0.364990234375 5.610664392849168 196998
110 0 0 0 1009.60888671875 0.364990234375 5.610664392849168 196998
120 0 0 0 1009.60888671875 0.364990234375 5.610664392849168 196998
121 0 0 0 1009.60888671875 0.364990234375 5.610664392849168 196998
