10 3426.2 10.068138043730645 6.234046106900923 56.18994140625 1.43408203125 0 0
20 3179.1 9.297353313192046 4.075328267532696 56.18994140625 1.255126953125 10.068138043730645 34262
30 3031.4 9.57758064066155 4.905175894224826 56.18994140625 1.22900390625 9.697162957533914 66053
40 3334.7 10.385688222809206 6.734337825535798 56.18994140625 1.22900390625 9.659546155582325 96367
50 3413 22.48523725347019 84.10303743544847 1018.761962890625 1.22900390625 9.846223457306232 129714
60 3222.5 9.738911280546935 5.972877699874428 1018.761962890625 1.156005859375 12.47902991261174 163844
70 92.9 9.085996629860757 3.83982255220477 1018.761962890625 1.156005859375 12.028676603734311 196069
80 0 0 0 1018.761962890625 1.156005859375 12.014799560841853 196998
90 0 0 0 1018.761962890625 1.156005859375 12.014799560841853 196998
100 0 0 0 1018.761962890625 1.156005859375 12.014799560841853 196998
110 0 0 0 1018.761962890625 1.156005859375 12.014799560841853 196998
120 0 0 0 1018.761962890625 1.156005859375 12.014799560841853 196998
121 0 0 0 1018.761962890625 1.156005859375 12.014799560841853 196998
