10 3571.1 12.090356314734091 6.291055607606334 58.463134765625 3.007080078125 0 0
20 3162.8 11.364026354404619 4.305148340465052 58.463134765625 2.6259765625 12.090356314734091 35711
30 3025.6 11.666730641688291 5.049855013331132 58.463134765625 2.6259765625 11.749211302403932 67339
40 3335.7 12.447595712903171 6.848094382112393 58.463134765625 2.6259765625 11.723640987627432 97595
50 3386.5 24.67005058861932 84.45167671513703 1020.9970703125 2.6259765625 11.908051747073817 130952
60 3209.5 11.81257185394432 6.104156538878786 1020.9970703125 2.6259765625 14.530263598818104 164817
70 8.6 11.166381835937498 3.0767313033194195 1020.9970703125 2.6259765625 14.08730269977831 196912
80 0 0 0 1020.9970703125 2.6259765625 14.086027564019112 196998
90 0 0 0 1020.9970703125 2.6259765625 14.086027564019112 196998
100 0 0 0 1020.9970703125 2.6259765625 14.086027564019112 196998
110 0 0 0 1020.9970703125 2.6259765625 14.086027564019112 196998
120 0 0 0 1020.9970703125 2.6259765625 14.086027564019112 196998
121 0 0 0 1020.9970703125 2.6259765625 14.086027564019112 196998
